1.000000000000000000e+00 6.677999999999999492e-01 1.640191720406923181e+00 6.119999999999999885e-01 1.410115902481155592e+00 1.422568747556384849e+00 6.199000000000000066e-01
2.000000000000000000e+00 5.451599999999999779e-01 1.297080345194673967e+00 4.378000000000000225e-01 1.003182730345596685e+00 1.013293948697445490e+00 4.395999999999999908e-01
3.000000000000000000e+00 5.113400000000000167e-01 1.116102949078542128e+00 4.378000000000000225e-01 1.003182730345596685e+00 9.874195869198034714e-01 4.791000000000000258e-01
4.000000000000000000e+00 4.768000000000000016e-01 9.968230955268452265e-01 4.378000000000000225e-01 1.003182730345596685e+00 9.981725097513699518e-01 4.691000000000000170e-01
5.000000000000000000e+00 3.998200000000000087e-01 7.991626927674858605e-01 3.593999999999999972e-01 6.262469558654661927e-01 6.271193396213832205e-01 3.629999999999999893e-01
6.000000000000000000e+00 3.004999999999999893e-01 4.107804840632984789e-01 3.048000000000000154e-01 4.151916783165696123e-01 4.170628836422881069e-01 3.068000000000000171e-01
7.000000000000000000e+00 2.654000000000000248e-01 3.217469862376935996e-01 3.048000000000000154e-01 4.151916783165696123e-01 3.482855631609101943e-01 3.212999999999999745e-01
8.000000000000000000e+00 2.536999999999999811e-01 3.117166877456977181e-01 2.758999999999999786e-01 3.180229331312682262e-01 3.186215185561678265e-01 2.750000000000000222e-01
9.000000000000000000e+00 2.437400000000000122e-01 3.041260790960055305e-01 2.572999999999999732e-01 3.251068951406105301e-01 3.241155883664350590e-01 2.595999999999999974e-01
1.000000000000000000e+01 2.291199999999999903e-01 2.876370042043264186e-01 2.572999999999999732e-01 3.251068951406105301e-01 3.099876169631020084e-01 2.706000000000000072e-01
1.100000000000000000e+01 2.109199999999999964e-01 2.649032643549433241e-01 2.572999999999999732e-01 3.251068951406105301e-01 2.739469247522288708e-01 2.691999999999999948e-01
1.200000000000000000e+01 1.988199999999999967e-01 2.519669881875839512e-01 2.560999999999999943e-01 2.586547098314282422e-01 2.589647204146545700e-01 2.504000000000000115e-01
1.300000000000000000e+01 1.897399999999999920e-01 2.387041269790110276e-01 2.202000000000000068e-01 2.300303640690260221e-01 2.266064777608047254e-01 2.102999999999999869e-01
1.400000000000000000e+01 1.819600000000000106e-01 2.299806511093535066e-01 2.142000000000000015e-01 2.301138631726180883e-01 2.250760423669014576e-01 2.061000000000000054e-01
1.500000000000000000e+01 1.763000000000000123e-01 2.245621965540447462e-01 2.109000000000000041e-01 2.164204923530266556e-01 2.117952989244261952e-01 2.028999999999999970e-01
1.600000000000000000e+01 1.721199999999999952e-01 2.208735378692304185e-01 2.088000000000000134e-01 2.141199535531644327e-01 2.097888008644928637e-01 2.028000000000000080e-01
1.700000000000000000e+01 1.699799999999999922e-01 2.181938842141511459e-01 2.033000000000000085e-01 2.105599436960397808e-01 2.064257650129351085e-01 1.993000000000000049e-01
1.800000000000000000e+01 1.677200000000000080e-01 2.162466970738870509e-01 2.018000000000000071e-01 2.124737790532948145e-01 2.080213277459239118e-01 1.981999999999999873e-01
1.900000000000000000e+01 1.660600000000000132e-01 2.147930843294524605e-01 1.998000000000000054e-01 2.130468025677013377e-01 2.089494559970796750e-01 1.958000000000000018e-01
2.000000000000000000e+01 1.647000000000000131e-01 2.131762301504412371e-01 1.988999999999999935e-01 2.135594385766028946e-01 2.097987892816750022e-01 1.938000000000000000e-01
2.100000000000000000e+01 1.638400000000000134e-01 2.115771603753623664e-01 1.978999999999999926e-01 2.143779691357081130e-01 2.108439009742834880e-01 1.920999999999999930e-01
2.200000000000000000e+01 1.617200000000000026e-01 2.102662112580643838e-01 1.965999999999999970e-01 2.136127578059450471e-01 2.102490541164511728e-01 1.908999999999999864e-01
2.300000000000000000e+01 1.597800000000000054e-01 2.088650937336652968e-01 1.905999999999999917e-01 2.083241696146052591e-01 2.060526593641180682e-01 1.884000000000000119e-01
2.400000000000000000e+01 1.585799999999999987e-01 2.073596950259559146e-01 1.890999999999999903e-01 2.082777489730067433e-01 2.059787284807901853e-01 1.864999999999999991e-01
2.500000000000000000e+01 1.577199999999999991e-01 2.065784255069308406e-01 1.875999999999999890e-01 2.089103300482789138e-01 2.065949411047087458e-01 1.854000000000000092e-01
2.600000000000000000e+01 1.567600000000000104e-01 2.056766524663620754e-01 1.860999999999999877e-01 2.106352092929951458e-01 2.081811758041735294e-01 1.836000000000000132e-01
2.700000000000000000e+01 1.556400000000000006e-01 2.048202997606536901e-01 1.860999999999999877e-01 2.106352092929951458e-01 2.071247541670169223e-01 1.836000000000000132e-01
2.800000000000000000e+01 1.548799999999999899e-01 2.039494894298477523e-01 1.841000000000000136e-01 2.095970447795550140e-01 2.074092705243848755e-01 1.822999999999999898e-01
2.900000000000000000e+01 1.540199999999999902e-01 2.029834969299506575e-01 1.841000000000000136e-01 2.095970447795550140e-01 2.060499352674439733e-01 1.822999999999999898e-01
3.000000000000000000e+01 1.530600000000000016e-01 2.023508744102084644e-01 1.834999999999999964e-01 2.062216692276763741e-01 2.040078910848823479e-01 1.821000000000000119e-01
